{
 "cells": [
  {
   "cell_type": "markdown",
   "metadata": {},
   "source": [
    "# Problem 2 - Gaussian Mixture Models"
   ]
  },
  {
   "cell_type": "markdown",
   "metadata": {},
   "source": [
    "## Problem 2.1 - GMM"
   ]
  },
  {
   "cell_type": "code",
   "execution_count": 1,
   "metadata": {},
   "outputs": [],
   "source": [
    "import numpy as np\n",
    "import pandas as pd\n",
    "import matplotlib.pyplot as plt\n",
    "\n",
    "from sklearn.cluster import KMeans\n",
    "from sklearn.decomposition import PCA\n",
    "from sklearn.datasets import load_wine\n",
    "from sklearn.mixture import GaussianMixture\n",
    "from scipy.stats import multivariate_normal\n",
    "from sklearn.metrics import silhouette_score"
   ]
  },
  {
   "cell_type": "code",
   "execution_count": 2,
   "metadata": {},
   "outputs": [],
   "source": [
    "class GMM():\n",
    "    def __init__(self, num_components=3, max_iters=100, threshold=1e-5):\n",
    "        self.num_components   = num_components\n",
    "        self.max_iters        = max_iters\n",
    "        self.num_iters        = 0\n",
    "        self.threshold        = threshold\n",
    "        self.means            = None\n",
    "        self.weights          = None\n",
    "        self.covariances      = None\n",
    "        self.responsibilities = None\n",
    "        self.log_likelihood   = 0\n",
    "        self.epsilon          = np.finfo(float).eps\n",
    "        self.aic_score        = 0\n",
    "        self.bic_score        = 0\n",
    "\n",
    "    def get_params(self):\n",
    "        return self.weights, self.means, self.covariances\n",
    "    \n",
    "    def calculate_log_likelihoods(self, X):\n",
    "        for k in range(self.num_components):\n",
    "            self.responsibilities[:, k] = self.weights[k] * multivariate_normal(self.means[k], self.covariances[k]).pdf(X)\n",
    "    \n",
    "    def __E_step(self, X):\n",
    "        self.calculate_log_likelihoods(X)\n",
    "\n",
    "        # Adding epsilon to the sum of responsibilities to ensure that both the log likelihood and the normalisation of responsibilities do not blow up when the sum tends to 0\n",
    "        present_log_likelihood = np.sum(np.log(np.sum(self.responsibilities, axis=1) + self.epsilon))\n",
    "        self.responsibilities = self.responsibilities / (np.sum(self.responsibilities, axis=1)[:, None] + self.epsilon)\n",
    "\n",
    "        return present_log_likelihood\n",
    "    \n",
    "    def __M_step(self, X):\n",
    "        Nk = np.sum(self.responsibilities, axis=0)\n",
    "        self.weights = Nk / X.shape[0]\n",
    "        self.means = np.dot(self.responsibilities.T, X) / Nk[:, None]\n",
    "\n",
    "        # (x- mu).T * sigma @ (x - mu)\n",
    "        # An epsilon is added to the diagonal elements of the covariance matrix to prevent it from becoming singular and to ensure it is positive definite\n",
    "        self.covariances = np.transpose(X - self.means[:, None], (0, 2, 1)) @ (self.responsibilities.T[:, :, None] * (X - self.means[:, None])) / Nk[:, None, None] + np.eye(X.shape[1]) * 1e-6\n",
    "\n",
    "    def __is_converged(self, present_log_likelihood):\n",
    "        return abs(self.log_likelihood - present_log_likelihood) <= self.threshold\n",
    "    \n",
    "    # Number of parameters of the model = For each component, num_features * (num_features + 1) / 2 values from the covariance matrix,\n",
    "    #  as the upper half is covered in the lowe half due to its symmetric nature + num_features from the mean + 1 weight per component\n",
    "    \n",
    "    def __aic_score(self, X):\n",
    "        num_params = self.num_components * (X.shape[1] + 1) * (X.shape[1] + 2) / 2\n",
    "        return -2 * self.log_likelihood + 2 * num_params\n",
    "    \n",
    "    def __bic_score(self, X):\n",
    "        num_params = self.num_components * (X.shape[1] + 1) * (X.shape[1] + 2) / 2\n",
    "        return -2 * self.log_likelihood + np.log(X.shape[0]) * num_params\n",
    "\n",
    "    def fit(self, X):\n",
    "        self.means              =   X[np.random.choice(X.shape[0], self.num_components, replace=False)]         # k values\n",
    "        self.weights            =   np.full(self.num_components, 1 / self.num_components)                       # k values\n",
    "        self.covariances        =   np.full((self.num_components, X.shape[1], X.shape[1]), np.eye(X.shape[1]))  # k matrices of dimension (n, n)\n",
    "        self.responsibilities   =   np.zeros((X.shape[0], self.num_components))                                 # Probability of x_i belonging to component j -> Matrix of dimensions (n, k)\n",
    "\n",
    "        log_likelihood = 0\n",
    "        for _ in range(self.max_iters):\n",
    "            self.num_iters += 1\n",
    "\n",
    "            log_likelihood = self.__E_step(X)\n",
    "            self.__M_step(X)\n",
    "            \n",
    "            if self.__is_converged(log_likelihood):\n",
    "                break\n",
    "\n",
    "            self.log_likelihood = log_likelihood\n",
    "\n",
    "        self.log_likelihood = log_likelihood\n",
    "        self.aic_score      = self.__aic_score(X)\n",
    "        self.bic_score      = self.__bic_score(X)\n",
    "\n",
    "    def get_membership_data(self):\n",
    "        \"\"\"\n",
    "        The component which has the highest probability of generating the ith point is considered to be the actual generator\n",
    "        \"\"\"\n",
    "        return np.argmax(self.responsibilities, axis=1)"
   ]
  },
  {
   "cell_type": "code",
   "execution_count": 3,
   "metadata": {},
   "outputs": [
    {
     "data": {
      "text/html": [
       "<div>\n",
       "<style scoped>\n",
       "    .dataframe tbody tr th:only-of-type {\n",
       "        vertical-align: middle;\n",
       "    }\n",
       "\n",
       "    .dataframe tbody tr th {\n",
       "        vertical-align: top;\n",
       "    }\n",
       "\n",
       "    .dataframe thead th {\n",
       "        text-align: right;\n",
       "    }\n",
       "</style>\n",
       "<table border=\"1\" class=\"dataframe\">\n",
       "  <thead>\n",
       "    <tr style=\"text-align: right;\">\n",
       "      <th></th>\n",
       "      <th>Index</th>\n",
       "      <th>Gender</th>\n",
       "      <th>Marital status</th>\n",
       "      <th>Age</th>\n",
       "      <th>Education</th>\n",
       "      <th>Income</th>\n",
       "      <th>Occupation</th>\n",
       "      <th>Settlement size</th>\n",
       "    </tr>\n",
       "  </thead>\n",
       "  <tbody>\n",
       "    <tr>\n",
       "      <th>0</th>\n",
       "      <td>0</td>\n",
       "      <td>0</td>\n",
       "      <td>0</td>\n",
       "      <td>67</td>\n",
       "      <td>2</td>\n",
       "      <td>124670</td>\n",
       "      <td>1</td>\n",
       "      <td>2</td>\n",
       "    </tr>\n",
       "    <tr>\n",
       "      <th>1</th>\n",
       "      <td>1</td>\n",
       "      <td>1</td>\n",
       "      <td>1</td>\n",
       "      <td>22</td>\n",
       "      <td>1</td>\n",
       "      <td>150773</td>\n",
       "      <td>1</td>\n",
       "      <td>2</td>\n",
       "    </tr>\n",
       "    <tr>\n",
       "      <th>2</th>\n",
       "      <td>2</td>\n",
       "      <td>0</td>\n",
       "      <td>0</td>\n",
       "      <td>49</td>\n",
       "      <td>1</td>\n",
       "      <td>89210</td>\n",
       "      <td>0</td>\n",
       "      <td>0</td>\n",
       "    </tr>\n",
       "    <tr>\n",
       "      <th>3</th>\n",
       "      <td>3</td>\n",
       "      <td>0</td>\n",
       "      <td>0</td>\n",
       "      <td>45</td>\n",
       "      <td>1</td>\n",
       "      <td>171565</td>\n",
       "      <td>1</td>\n",
       "      <td>1</td>\n",
       "    </tr>\n",
       "    <tr>\n",
       "      <th>4</th>\n",
       "      <td>4</td>\n",
       "      <td>0</td>\n",
       "      <td>0</td>\n",
       "      <td>53</td>\n",
       "      <td>1</td>\n",
       "      <td>149031</td>\n",
       "      <td>1</td>\n",
       "      <td>1</td>\n",
       "    </tr>\n",
       "    <tr>\n",
       "      <th>...</th>\n",
       "      <td>...</td>\n",
       "      <td>...</td>\n",
       "      <td>...</td>\n",
       "      <td>...</td>\n",
       "      <td>...</td>\n",
       "      <td>...</td>\n",
       "      <td>...</td>\n",
       "      <td>...</td>\n",
       "    </tr>\n",
       "    <tr>\n",
       "      <th>1995</th>\n",
       "      <td>1995</td>\n",
       "      <td>1</td>\n",
       "      <td>0</td>\n",
       "      <td>47</td>\n",
       "      <td>1</td>\n",
       "      <td>123525</td>\n",
       "      <td>0</td>\n",
       "      <td>0</td>\n",
       "    </tr>\n",
       "    <tr>\n",
       "      <th>1996</th>\n",
       "      <td>1996</td>\n",
       "      <td>1</td>\n",
       "      <td>1</td>\n",
       "      <td>27</td>\n",
       "      <td>1</td>\n",
       "      <td>117744</td>\n",
       "      <td>1</td>\n",
       "      <td>0</td>\n",
       "    </tr>\n",
       "    <tr>\n",
       "      <th>1997</th>\n",
       "      <td>1997</td>\n",
       "      <td>0</td>\n",
       "      <td>0</td>\n",
       "      <td>31</td>\n",
       "      <td>0</td>\n",
       "      <td>86400</td>\n",
       "      <td>0</td>\n",
       "      <td>0</td>\n",
       "    </tr>\n",
       "    <tr>\n",
       "      <th>1998</th>\n",
       "      <td>1998</td>\n",
       "      <td>1</td>\n",
       "      <td>1</td>\n",
       "      <td>24</td>\n",
       "      <td>1</td>\n",
       "      <td>97968</td>\n",
       "      <td>0</td>\n",
       "      <td>0</td>\n",
       "    </tr>\n",
       "    <tr>\n",
       "      <th>1999</th>\n",
       "      <td>1999</td>\n",
       "      <td>0</td>\n",
       "      <td>0</td>\n",
       "      <td>25</td>\n",
       "      <td>0</td>\n",
       "      <td>68416</td>\n",
       "      <td>0</td>\n",
       "      <td>0</td>\n",
       "    </tr>\n",
       "  </tbody>\n",
       "</table>\n",
       "<p>2000 rows × 8 columns</p>\n",
       "</div>"
      ],
      "text/plain": [
       "      Index  Gender  Marital status  Age  Education  Income  Occupation  \\\n",
       "0         0       0               0   67          2  124670           1   \n",
       "1         1       1               1   22          1  150773           1   \n",
       "2         2       0               0   49          1   89210           0   \n",
       "3         3       0               0   45          1  171565           1   \n",
       "4         4       0               0   53          1  149031           1   \n",
       "...     ...     ...             ...  ...        ...     ...         ...   \n",
       "1995   1995       1               0   47          1  123525           0   \n",
       "1996   1996       1               1   27          1  117744           1   \n",
       "1997   1997       0               0   31          0   86400           0   \n",
       "1998   1998       1               1   24          1   97968           0   \n",
       "1999   1999       0               0   25          0   68416           0   \n",
       "\n",
       "      Settlement size  \n",
       "0                   2  \n",
       "1                   2  \n",
       "2                   0  \n",
       "3                   1  \n",
       "4                   1  \n",
       "...               ...  \n",
       "1995                0  \n",
       "1996                0  \n",
       "1997                0  \n",
       "1998                0  \n",
       "1999                0  \n",
       "\n",
       "[2000 rows x 8 columns]"
      ]
     },
     "metadata": {},
     "output_type": "display_data"
    }
   ],
   "source": [
    "data_df = pd.read_csv('./Data/GMM/data.csv')\n",
    "display(data_df)\n",
    "\n",
    "customer_data = data_df.to_numpy()\n",
    "customer_data = customer_data[:, 1:]\n",
    "customer_data = (customer_data - np.mean(customer_data, axis=0)) / np.std(customer_data, axis=0)"
   ]
  },
  {
   "cell_type": "markdown",
   "metadata": {},
   "source": [
    "#### Comparision between the coded GMM model and the external GMM model and ensuring convergence is reached by comparing the weights to each component"
   ]
  },
  {
   "cell_type": "code",
   "execution_count": 4,
   "metadata": {},
   "outputs": [
    {
     "name": "stdout",
     "output_type": "stream",
     "text": [
      "[0.41449855 0.346903   0.2385984 ]\n",
      "[0.34690278 0.41449855 0.23859867]\n",
      "\n",
      "10\n",
      "8\n"
     ]
    }
   ],
   "source": [
    "np.random.seed(5)\n",
    "\n",
    "gmm = GMM()\n",
    "gmm.fit(customer_data)\n",
    "\n",
    "sklearn_gmm = GaussianMixture(n_components=3, max_iter=100, tol=1e-5)\n",
    "sklearn_gmm.fit(customer_data)\n",
    "\n",
    "print(gmm.weights)\n",
    "print(sklearn_gmm.weights_)\n",
    "print()\n",
    "\n",
    "print(gmm.num_iters)\n",
    "print(sklearn_gmm.n_iter_)"
   ]
  },
  {
   "cell_type": "markdown",
   "metadata": {},
   "source": [
    "### Problem 2.1.1 - Parameters of the GMM - Weights, Means and Covariances, and how they vary with varying number of components"
   ]
  },
  {
   "cell_type": "code",
   "execution_count": 5,
   "metadata": {},
   "outputs": [
    {
     "name": "stdout",
     "output_type": "stream",
     "text": [
      "Number of components: 1\n",
      "=======================================\n",
      "[0.99997032]\n",
      "\n",
      "[[ 2.58687350e-05 -2.98930590e-05  2.73986575e-05 -9.70967623e-05\n",
      "  -7.11813574e-05 -5.31048452e-05 -4.60690633e-05]]\n",
      "\n",
      "[[[ 1.00000547  0.56655354 -0.1829145   0.24492951 -0.19508737\n",
      "   -0.20244683 -0.30077198]\n",
      "  [ 0.56655354  1.00000058 -0.21315709  0.37392986 -0.07360159\n",
      "   -0.02954394 -0.09708988]\n",
      "  [-0.1829145  -0.21315709  1.00000531  0.65471406  0.34068644\n",
      "    0.10844093  0.11979737]\n",
      "  [ 0.24492951  0.37392986  0.65471406  0.99971297  0.23323282\n",
      "    0.06435197  0.0345826 ]\n",
      "  [-0.19508737 -0.07360159  0.34068644  0.23323282  0.99985648\n",
      "    0.68024555  0.49078506]\n",
      "  [-0.20244683 -0.02954394  0.10844093  0.06435197  0.68024555\n",
      "    0.99992913  0.5717294 ]\n",
      "  [-0.30077198 -0.09708988  0.11979737  0.0345826   0.49078506\n",
      "    0.5717294   0.99995917]]]\n",
      "=======================================\n",
      "\n",
      "Number of components: 3\n",
      "=======================================\n",
      "[0.09548243 0.72601754 0.17850004]\n",
      "\n",
      "[[ 2.70097182e-01  1.00702467e+00 -1.67898842e-01  6.17684764e-01\n",
      "   4.87393863e-01  5.91970371e-01  1.55232600e+00]\n",
      " [-5.60533662e-02 -1.34849000e-01  4.86797502e-02 -9.78128165e-02\n",
      "   1.73237054e-02 -8.87738525e-04 -5.93318763e-02]\n",
      " [ 8.35080637e-02  9.80156240e-03 -1.08184647e-01  6.74273247e-02\n",
      "  -3.31175635e-01 -3.13043376e-01 -5.89041177e-01]]\n",
      "\n",
      "[[[ 9.73677983e-01 -2.96910015e-32  2.55364350e-02  5.00300661e-02\n",
      "    1.40876825e-01  7.73485821e-02 -2.96910015e-32]\n",
      "  [-1.31673137e-32  1.00000000e-06 -1.25218572e-32  1.27800398e-32\n",
      "   -2.96910015e-33  2.27200707e-32  4.93038066e-32]\n",
      "  [ 2.55364350e-02 -1.25218572e-32  9.38716941e-01  6.59856774e-01\n",
      "    4.44388857e-01  1.75697803e-01 -1.25218572e-32]\n",
      "  [ 5.00300661e-02  2.10418837e-32  6.59856774e-01  1.07973880e+00\n",
      "    4.47226550e-01  1.40845499e-01  2.10418837e-32]\n",
      "  [ 1.40876825e-01  5.29274375e-33  4.44388857e-01  4.47226550e-01\n",
      "    1.31285100e+00  5.21145508e-01  5.29274375e-33]\n",
      "  [ 7.73485821e-02  2.06546097e-32  1.75697803e-01  1.40845499e-01\n",
      "    5.21145508e-01  6.06450111e-01  2.06546097e-32]\n",
      "  [-1.72982357e-32  4.93038066e-32 -1.66527791e-32  3.75655715e-32\n",
      "   -2.96910015e-33  2.27200707e-32  1.00000000e-06]]\n",
      "\n",
      " [[ 9.87181989e-01  9.83547716e-01 -2.54944327e-01  3.61700374e-01\n",
      "   -2.30076287e-01 -2.11275345e-01 -4.03901062e-01]\n",
      "  [ 9.83547716e-01  9.79928815e-01 -2.54006017e-01  3.60369153e-01\n",
      "   -2.29229502e-01 -2.10497756e-01 -4.02414524e-01]\n",
      "  [-2.54944327e-01 -2.54006017e-01  1.05519086e+00  7.12122031e-01\n",
      "    3.56704173e-01  1.37862672e-01  1.75995983e-01]\n",
      "  [ 3.61700374e-01  3.60369153e-01  7.12122031e-01  9.94842581e-01\n",
      "    1.62189577e-01  5.55756244e-04 -1.00749759e-01]\n",
      "  [-2.30076287e-01 -2.29229502e-01  3.56704173e-01  1.62189577e-01\n",
      "    9.76597302e-01  6.59355024e-01  4.70488876e-01]\n",
      "  [-2.11275345e-01 -2.10497756e-01  1.37862672e-01  5.55756244e-04\n",
      "    6.59355024e-01  9.89400881e-01  5.46691280e-01]\n",
      "  [-4.03901062e-01 -4.02414524e-01  1.75995983e-01 -1.00749759e-01\n",
      "    4.70488876e-01  5.46691280e-01  8.99860886e-01]]\n",
      "\n",
      " [[ 1.00744420e+00 -1.00373536e+00  4.31074684e-02 -2.43449237e-01\n",
      "   -2.71632203e-01 -3.76041867e-01 -2.30991111e-01]\n",
      "  [-1.00373536e+00  1.00004215e+00 -4.29488134e-02  2.42553234e-01\n",
      "    2.70632473e-01  3.74657862e-01  2.30140960e-01]\n",
      "  [ 4.31074684e-02 -4.29488134e-02  7.71886122e-01  4.99991743e-01\n",
      "    2.24153296e-01 -2.80246707e-02  4.24819970e-02]\n",
      "  [-2.43449237e-01  2.42553234e-01  4.99991743e-01  7.30780353e-01\n",
      "    2.77168227e-01  1.09038768e-01  1.07571055e-01]\n",
      "  [-2.71632203e-01  2.70632473e-01  2.24153296e-01  2.77168227e-01\n",
      "    6.89874527e-01  5.93000700e-01  2.40792411e-01]\n",
      "  [-3.76041867e-01  3.74657862e-01 -2.80246707e-02  1.09038768e-01\n",
      "    5.93000700e-01  9.68182368e-01  3.03601017e-01]\n",
      "  [-2.30991111e-01  2.30140960e-01  4.24819970e-02  1.07571055e-01\n",
      "    2.40792411e-01  3.03601017e-01  2.91936849e-01]]]\n",
      "=======================================\n",
      "\n",
      "Number of components: 5\n",
      "=======================================\n",
      "[0.31800228 0.22499768 0.31298729 0.0925131  0.05149961]\n",
      "\n",
      "[[-0.91739884 -0.79805226  0.75456683  0.32993686  0.38340507  0.26480395\n",
      "   0.33678056]\n",
      " [-0.91739884 -0.12632804 -0.66156381 -1.00839282 -0.10983256  0.07405478\n",
      "   0.18999014]\n",
      " [ 1.09003844  0.59805248 -0.56079269 -0.06337243 -0.42003939 -0.3161698\n",
      "  -0.59904991]\n",
      " [ 1.09003844  0.81245244  1.33762225  1.85645894  0.4627956  -0.06739271\n",
      "  -0.03135429]\n",
      " [ 1.09003844  0.38564553 -0.76369945 -0.5814953  -0.16620293  0.08391032\n",
      "   0.78740977]]\n",
      "\n",
      "[[[ 1.00000000e-06  4.04350329e-31 -3.04503085e-31 -4.24195744e-31\n",
      "   -2.60471071e-31 -2.48067686e-31 -2.33183625e-31]\n",
      "  [ 4.04350329e-31  3.51940591e-01  7.50201836e-02  2.85179520e-01\n",
      "    8.11520238e-02  3.08708667e-02  2.40794928e-02]\n",
      "  [-3.04503085e-31  7.50201836e-02  7.24390900e-01  4.05662118e-01\n",
      "    2.16267137e-01  1.80286909e-02  4.98942296e-02]\n",
      "  [-4.29157097e-31  2.85179520e-01  4.05662118e-01  5.62488822e-01\n",
      "    2.01536181e-01  6.59903786e-02  6.49279145e-02]\n",
      "  [-2.60471071e-31  8.11520238e-02  2.16267137e-01  2.01536181e-01\n",
      "    1.11579870e+00  7.39126525e-01  4.66982221e-01]\n",
      "  [-2.35664302e-31  3.08708667e-02  1.80286909e-02  6.59903786e-02\n",
      "    7.39126525e-01  1.12925885e+00  5.85632737e-01]\n",
      "  [-1.88531442e-31  2.40794928e-02  4.98942296e-02  6.49279145e-02\n",
      "    4.66982221e-01  5.85632737e-01  1.00051716e+00]]\n",
      "\n",
      " [[ 1.00000000e-06  3.54991073e-32  9.53216771e-32  2.02038129e-31\n",
      "    0.00000000e+00  3.50608467e-33  1.40243387e-32]\n",
      "  [ 3.76904102e-32  9.82273590e-01  7.02654240e-02  8.19045670e-01\n",
      "   -6.45283408e-02  3.99131662e-02 -3.93954628e-02]\n",
      "  [ 9.57599377e-32  7.02654240e-02  1.44427097e-01  5.85892266e-02\n",
      "    6.57749282e-02  4.99394277e-02  1.18079533e-02]\n",
      "  [ 1.96998133e-31  8.19045670e-01  5.85892266e-02  6.82943614e-01\n",
      "   -5.38054902e-02  3.32806864e-02 -3.28490112e-02]\n",
      "  [ 3.50608467e-33 -6.45283408e-02  6.57749282e-02 -5.38054902e-02\n",
      "    9.14526815e-01  5.89452912e-01  4.46855795e-01]\n",
      "  [ 0.00000000e+00  3.99131662e-02  4.99394277e-02  3.32806864e-02\n",
      "    5.89452912e-01  8.88135294e-01  4.97792046e-01]\n",
      "  [ 1.40243387e-32 -3.93954628e-02  1.18079533e-02 -3.28490112e-02\n",
      "    4.46855795e-01  4.97792046e-01  1.08733887e+00]]\n",
      "\n",
      " [[ 1.00000000e-06  1.18964049e-30 -1.05857840e-30 -1.29422492e-31\n",
      "   -8.67026120e-31 -5.24248352e-31 -1.08882350e-30]\n",
      "  [ 1.19468134e-30  6.50707170e-01 -1.89710855e-01 -8.60094952e-32\n",
      "    6.24286783e-02  1.14641070e-01  7.98602964e-02]\n",
      "  [-1.04849670e-30 -1.89710855e-01  2.91343514e-01  8.00234864e-32\n",
      "    8.29705783e-03 -4.95401813e-02 -3.43411343e-02]\n",
      "  [-1.29422492e-31 -8.66396014e-32  7.81331678e-32  1.00000000e-06\n",
      "    6.30106192e-32  3.65461591e-32  7.56127430e-32]\n",
      "  [-8.46862722e-31  6.24286783e-02  8.29705783e-03  6.23805130e-32\n",
      "    4.64989872e-01  3.79012946e-01  1.36341928e-01]\n",
      "  [-5.34330051e-31  1.14641070e-01 -4.95401813e-02  3.78063715e-32\n",
      "    3.79012946e-01  7.17663095e-01  2.30553709e-01]\n",
      "  [-1.04849670e-30  7.98602964e-02 -3.43411343e-02  7.68729554e-32\n",
      "    1.36341928e-01  2.30553709e-01  2.85937983e-01]]\n",
      "\n",
      " [[ 1.00000000e-06  1.30112477e-30  2.43037239e-30  3.09426299e-30\n",
      "    7.66047487e-31 -2.63298483e-31 -5.40633706e-31]\n",
      "  [ 1.33310111e-30  3.51296645e-01 -5.10919376e-03  1.30053290e-02\n",
      "    1.23574423e-01  2.00038571e-01  1.57600563e-01]\n",
      "  [ 2.42930652e-30 -5.10919376e-03  7.07884814e-01  2.16323734e-01\n",
      "    6.42798762e-02  9.63904338e-02 -1.07941051e-01]\n",
      "  [ 3.10652058e-30  1.30053290e-02  2.16323734e-01  3.87765217e-01\n",
      "    2.42868925e-02  9.21606412e-02  1.12965781e-02]\n",
      "  [ 7.66047227e-31  1.23574423e-01  6.42798762e-02  2.42868925e-02\n",
      "    1.31385880e+00  1.02052574e+00  6.56063215e-01]\n",
      "  [-1.60974007e-31  2.00038571e-01  9.63904338e-02  9.21606412e-02\n",
      "    1.02052574e+00  1.33952544e+00  7.67828554e-01]\n",
      "  [-4.55363266e-31  1.57600563e-01 -1.07941051e-01  1.12965781e-02\n",
      "    6.56063215e-01  7.67828554e-01  9.97752255e-01]]\n",
      "\n",
      " [[ 1.00000000e-06  9.19068200e-32 -3.20716507e-31 -1.83813640e-31\n",
      "   -4.59534100e-32 -3.06356067e-32  4.28898493e-31]\n",
      "  [ 9.19068200e-32  8.56677698e-01 -1.36624330e-02  7.14320391e-01\n",
      "    4.95781516e-01  5.67257161e-01  1.05456696e+00]\n",
      "  [-3.22391892e-31 -1.36624330e-02  1.34789959e-01 -1.13921092e-02\n",
      "    5.07471047e-02  3.17390634e-02 -1.68184223e-02]\n",
      "  [-1.83813640e-31  7.14320391e-01 -1.13921092e-02  5.95620821e-01\n",
      "    4.13396147e-01  4.72994489e-01  8.79326686e-01]\n",
      "  [-4.59534100e-32  4.95781516e-01  5.07471047e-02  4.13396147e-01\n",
      "    9.01056264e-01  6.06439805e-01  6.10305856e-01]\n",
      "  [-1.53178033e-32  5.67257161e-01  3.17390634e-02  4.72994489e-01\n",
      "    6.06439805e-01  7.16896349e-01  6.98292203e-01]\n",
      "  [ 3.98262887e-31  1.05456696e+00 -1.68184223e-02  8.79326686e-01\n",
      "    6.10305856e-01  6.98292203e-01  1.29817039e+00]]]\n",
      "=======================================\n",
      "\n",
      "Number of components: 7\n",
      "=======================================\n",
      "[0.14522553 0.089      0.07777322 0.32000114 0.03272803 0.17599999\n",
      " 0.15927198]\n",
      "\n",
      "[[-0.91739884 -0.99302433  0.143549   -0.51383258 -0.52591439 -0.64986878\n",
      "  -0.90972951]\n",
      " [ 1.09003844 -0.99302433 -0.06511624 -0.17580133 -0.60256172 -0.68874452\n",
      "  -0.81982299]\n",
      " [-0.91739884 -0.99302433 -0.70012138 -1.73106782  0.42397563  0.51379988\n",
      "   0.95011053]\n",
      " [-0.91739884 -0.18988323  0.38970935  0.27277     0.43941619  0.4852731\n",
      "   0.65020709]\n",
      " [ 1.09003844  1.00702467  1.40983932  1.8789085  -0.36300464 -1.10623249\n",
      "  -0.84030775]\n",
      " [ 1.09003844  1.00702467 -0.67260786 -0.06337243 -0.54363779 -0.51750023\n",
      "  -0.90972951]\n",
      " [ 1.09003844  1.00702467 -0.08206446  0.54794395  0.40168363  0.55070967\n",
      "   0.69525007]]\n",
      "\n",
      "[[[ 1.00000000e-06  1.47911420e-30 -1.95550968e-31  8.36523586e-31\n",
      "    7.17020217e-31  7.22452188e-31  1.35585468e-30]\n",
      "  [ 1.47911420e-30  1.00000000e-06 -2.60734624e-31  1.10812215e-30\n",
      "    8.36523586e-31  9.28867099e-31  1.62702562e-30]\n",
      "  [-1.95550968e-31 -2.28142796e-31  8.38182773e-01  7.83952394e-01\n",
      "    2.07479678e-01  4.63238965e-02 -2.17278854e-31]\n",
      "  [ 8.69115414e-31  1.06466638e-30  7.83952394e-01  9.50486975e-01\n",
      "    1.97297778e-01  3.71439568e-02  9.56026956e-31]\n",
      "  [ 7.06156274e-31  8.47387529e-31  2.07479678e-01  1.97297778e-01\n",
      "    4.75487992e-01  3.79875276e-01  7.93067816e-31]\n",
      "  [ 7.44180074e-31  9.18003157e-31  4.63238965e-02  3.71439568e-02\n",
      "    3.79875276e-01  6.69000103e-01  8.36523586e-31]\n",
      "  [ 1.35585468e-30  1.62702562e-30 -2.39006739e-31  9.77754841e-31\n",
      "    8.03931758e-31  8.41955558e-31  1.00000000e-06]]\n",
      "\n",
      " [[ 1.00000000e-06  3.45126646e-31  2.43749156e-32  3.45680621e-31\n",
      "    4.43180284e-32  1.50681297e-31  3.32385213e-32]\n",
      "  [ 3.45126646e-31  1.00000000e-06  3.54544227e-32  3.01362593e-31\n",
      "    7.09088454e-32  2.83635382e-31  6.20452397e-32]\n",
      "  [ 2.43749156e-32  3.54544227e-32  6.89427989e-01  4.96384895e-01\n",
      "    1.08146934e-01 -8.08438541e-02 -1.05651763e-02]\n",
      "  [ 3.45680621e-31  3.01362593e-31  4.96384895e-01  8.62347508e-01\n",
      "    1.82154638e-01 -2.27548607e-02  2.16416833e-02]\n",
      "  [ 4.43180284e-32  7.09088454e-32  1.08146934e-01  1.82154638e-01\n",
      "    3.22642997e-01  2.73636329e-01  6.13281373e-02]\n",
      "  [ 1.50681297e-31  2.83635382e-31 -8.08438541e-02 -2.27548607e-02\n",
      "    2.73636329e-01  6.27533429e-01  1.10274325e-01]\n",
      "  [ 1.32954085e-32  8.86360568e-33 -1.05651763e-02  2.16416833e-02\n",
      "    6.13281373e-02  1.10274325e-01  1.02595241e-01]]\n",
      "\n",
      " [[ 1.00000000e-06  1.23259516e-32  2.25594651e-33  2.46519033e-32\n",
      "    5.07154606e-33 -1.52542596e-32 -4.75457443e-33]\n",
      "  [ 1.23259516e-32  1.00000000e-06  2.25594651e-33  2.46519033e-32\n",
      "    5.07154606e-33 -1.52542596e-32 -4.75457443e-33]\n",
      "  [ 1.94392757e-33  1.94392757e-33  7.45982474e-02  3.88785513e-33\n",
      "    3.10628298e-02  3.20936004e-02  2.30196242e-02]\n",
      "  [ 2.46519033e-32  2.46519033e-32  4.51189302e-33  1.00000000e-06\n",
      "    1.01430921e-32 -3.05085192e-32 -9.50914886e-33]\n",
      "  [ 5.70548931e-33  5.70548931e-33  3.10628298e-02  1.14109786e-32\n",
      "    9.67965433e-01  2.72722380e-01  5.40495523e-02]\n",
      "  [-1.44618306e-32 -1.44618306e-32  3.20936004e-02 -2.89236611e-32\n",
      "    2.72722380e-01  4.37172605e-01  9.23141855e-02]\n",
      "  [-5.23003187e-33 -5.23003187e-33  2.30196242e-02 -1.04600637e-32\n",
      "    5.40495523e-02  9.23141855e-02  4.67270167e-01]]\n",
      "\n",
      " [[ 1.00000000e-06  3.05682512e-31 -5.27548851e-31 -1.16233310e-30\n",
      "   -4.24011226e-31 -5.76852481e-31 -8.13509910e-31]\n",
      "  [ 3.15543238e-31  9.61286928e-01 -4.45983033e-01  8.96321597e-02\n",
      "   -3.10284305e-01 -2.34567110e-01 -3.44948982e-01]\n",
      "  [-5.32479214e-31 -4.45983033e-01  1.01608188e+00  4.37626773e-01\n",
      "    4.33201031e-01  1.28972019e-01  1.83994372e-01]\n",
      "  [-1.17712419e-30  8.96321597e-02  4.37626773e-01  5.08429322e-01\n",
      "    2.12363479e-01  3.86904311e-02  2.73723141e-02]\n",
      "  [-4.24011226e-31 -3.10284305e-01  4.33201031e-01  2.12363479e-01\n",
      "    1.09306689e+00  5.84167646e-01  2.78020669e-01]\n",
      "  [-5.66991755e-31 -2.34567110e-01  1.28972019e-01  3.86904311e-02\n",
      "    5.84167646e-01  9.19027793e-01  3.05581792e-01]\n",
      "  [-8.38161725e-31 -3.44948982e-01  1.83994372e-01  2.73723141e-02\n",
      "    2.78020669e-01  3.05581792e-01  7.65561976e-01]]\n",
      "\n",
      " [[ 1.00000000e-06  5.91645679e-31  1.44840813e-30  1.56610834e-30\n",
      "   -3.23870737e-31 -7.85376719e-31 -6.29753284e-31]\n",
      "  [ 5.91645679e-31  1.00000000e-06  1.06935831e-30  1.16893199e-30\n",
      "   -2.44409523e-31 -5.98165514e-31 -4.75704521e-31]\n",
      "  [ 1.44238225e-30  1.06483890e-30  5.88999178e-01  3.18426632e-01\n",
      "    1.29303202e-01  1.79159312e-01  5.02468999e-02]\n",
      "  [ 1.55405657e-30  1.17269816e-30  3.18426632e-01  3.82559260e-01\n",
      "    1.62446058e-01  2.27436919e-01 -1.90633292e-02]\n",
      "  [-3.29896617e-31 -2.47422463e-31  1.29303202e-01  1.62446058e-01\n",
      "    4.01082541e-01  1.29326958e-01  6.17535548e-02]\n",
      "  [-7.88201350e-31 -6.03438160e-31  1.79159312e-01  2.27436919e-01\n",
      "    1.29326958e-01  2.29110010e-01 -1.13265708e-02]\n",
      "  [-6.38792105e-31 -4.75704521e-31  5.02468999e-02 -1.90633292e-02\n",
      "    6.17535548e-02 -1.13265708e-02  8.06417377e-02]]\n",
      "\n",
      " [[ 1.00000000e-06  2.95822839e-31 -2.12902819e-31 -1.23259516e-32\n",
      "   -7.28351749e-32 -1.43429268e-31 -2.95822839e-31]\n",
      "  [ 2.95822839e-31  1.00000000e-06 -3.24956934e-31 -1.84889275e-32\n",
      "   -1.05330868e-31 -2.19626066e-31 -4.43734259e-31]\n",
      "  [-2.14023360e-31 -3.20474770e-31  1.85007627e-01  1.33764600e-32\n",
      "    2.31355457e-02  2.73407105e-03  3.20474770e-31]\n",
      "  [-1.23259516e-32 -1.84889275e-32  1.33064262e-32  1.00000000e-06\n",
      "    4.55219843e-33  8.96432922e-33  1.84889275e-32]\n",
      "  [-7.73173395e-32 -1.05330868e-31  2.31355457e-02  4.83233372e-33\n",
      "    4.54865069e-01  3.35752210e-01  1.05330868e-31]\n",
      "  [-1.38947103e-31 -2.27469854e-31  2.73407105e-03  8.68419393e-33\n",
      "    3.35752210e-01  6.54212698e-01  2.27469854e-31]\n",
      "  [-2.95822839e-31 -4.43734259e-31  3.20474770e-31  1.84889275e-32\n",
      "    1.05330868e-31  2.19626066e-31  1.00000000e-06]]\n",
      "\n",
      " [[ 1.00000000e-06  4.93038066e-32  6.03623143e-33  4.99546970e-32\n",
      "    1.87051788e-32  5.63669684e-33  1.00372658e-31]\n",
      "  [ 4.93038066e-32  1.00000000e-06  6.03623143e-33  4.99546970e-32\n",
      "    1.87051788e-32  5.63669684e-33  1.00372658e-31]\n",
      "  [ 3.55977292e-33  3.55977292e-33  1.24497936e+00  8.82127084e-01\n",
      "    5.33132338e-01  2.05559039e-01 -1.04171733e-01]\n",
      "  [ 5.61458433e-32  5.61458433e-32  8.82127084e-01  9.29057013e-01\n",
      "    4.17999869e-01  1.44822730e-01 -2.53174049e-02]\n",
      "  [ 1.87051788e-32  1.87051788e-32  5.33132338e-01  4.17999869e-01\n",
      "    9.65070156e-01  3.75003310e-01  7.86095395e-02]\n",
      "  [ 6.25581146e-33  6.25581146e-33  2.05559039e-01  1.44822730e-01\n",
      "    3.75003310e-01  3.85095159e-01  5.06915769e-02]\n",
      "  [ 1.02849119e-31  1.02849119e-31 -1.04171733e-01 -2.53174049e-02\n",
      "    7.86095395e-02  5.06915769e-02  4.74980054e-01]]]\n",
      "=======================================\n",
      "\n",
      "Number of components: 9\n",
      "=======================================\n",
      "[0.0750045  0.3315158  0.0015     0.27200002 0.0015     0.1644842\n",
      " 0.09799998 0.0489955  0.0055    ]\n",
      "\n",
      "[[-0.91739884  1.00702467 -0.10878932  0.37028708  0.39405111  0.58924297\n",
      "   0.90387592]\n",
      " [-0.91739884 -0.99302433  0.35281393 -0.34459217  0.47244228  0.4619461\n",
      "   0.58674269]\n",
      " [-0.91739884 -0.32634133  1.77166526  1.04842451  3.38463594  0.81893917\n",
      "   0.73164083]\n",
      " [ 1.09003844  1.00702467 -0.07883827  0.49150413  0.14664565  0.28530566\n",
      "   0.01127833]\n",
      " [-0.91739884  1.00702467  2.2837648   2.7161199  -0.98859444 -1.26952539\n",
      "   1.14198342]\n",
      " [ 0.08946735 -0.99302433 -0.0725219  -0.45470744 -0.75836582 -0.87398594\n",
      "  -0.90972951]\n",
      " [ 1.09003844  0.90498134 -0.65456597 -0.06337243 -0.8706639  -1.18960964\n",
      "  -0.84692196]\n",
      " [-0.91739884  1.00702467 -0.32159535  0.19178083 -0.51448292 -0.40658031\n",
      "  -0.90972951]\n",
      " [ 0.17756695  1.00702467 -0.3569101   3.27201837  0.93630551  0.72400896\n",
      "   1.552326  ]]\n",
      "\n",
      "[[[ 1.00000000e-06 -6.65601389e-31  1.30698525e-31 -7.41611472e-31\n",
      "   -1.72317541e-31 -3.81350734e-31 -3.50305000e-31]\n",
      "  [-6.65601389e-31  1.00000000e-06 -5.11975556e-32  5.43270161e-31\n",
      "    1.04141785e-31  3.12080232e-31  2.49860458e-31]\n",
      "  [ 1.30698605e-31 -5.11975355e-32  8.68012899e-01  5.78256873e-01\n",
      "    4.06218918e-01  7.78492772e-02 -9.46932124e-02]\n",
      "  [-7.41611472e-31  5.43270120e-31  5.78256873e-01  5.35152395e-01\n",
      "    3.27231823e-01  8.22333548e-02 -4.74590155e-02]\n",
      "  [-1.72317380e-31  1.14659219e-31  4.06218918e-01  3.27231823e-01\n",
      "    8.70669889e-01  3.26825097e-01 -5.92283995e-02]\n",
      "  [-3.81350734e-31  3.22597707e-31  7.78492772e-02  8.22333548e-02\n",
      "    3.26825097e-01  6.01502344e-01 -5.47357272e-02]\n",
      "  [-3.45045601e-31  2.51832492e-31 -9.46932124e-02 -4.74590155e-02\n",
      "   -5.92283995e-02 -5.47357272e-02  3.77955350e-01]]\n",
      "\n",
      " [[ 1.00000000e-06 -3.56220003e-30  1.14218758e-31  2.77932312e-30\n",
      "    2.47473976e-31  6.28203170e-31 -1.90364597e-31]\n",
      "  [-3.56220003e-30  1.00000000e-06 -1.14218758e-31 -2.77932312e-30\n",
      "   -2.47473976e-31 -6.28203170e-31  1.90364597e-31]\n",
      "  [ 1.16598316e-31 -1.16598316e-31  1.01869794e+00  8.85596166e-01\n",
      "    2.03022878e-01  1.26760622e-02 -3.49329447e-02]\n",
      "  [ 2.77932312e-30 -2.77932312e-30  8.85596166e-01  1.02507004e+00\n",
      "    1.75657079e-01  3.86738962e-02 -4.36152866e-02]\n",
      "  [ 2.37955746e-31 -2.37955746e-31  2.03022878e-01  1.75657079e-01\n",
      "    9.17352656e-01  4.41888313e-01  2.26337144e-01]\n",
      "  [ 6.28203170e-31 -6.28203170e-31  1.26760622e-02  3.86738962e-02\n",
      "    4.41888313e-01  8.16458476e-01  3.25810289e-01]\n",
      "  [-2.28437516e-31  2.28437516e-31 -3.49329447e-02 -4.36152866e-02\n",
      "    2.26337144e-01  3.25810289e-01  8.55283115e-01]]\n",
      "\n",
      " [[ 1.00000000e-06  4.10865055e-33 -8.21730110e-33 -8.21730110e-33\n",
      "    4.93038066e-32 -8.21730110e-33 -8.21730110e-33]\n",
      "  [ 4.10865055e-33  8.88933447e-01 -1.28976378e+00 -7.41216114e-01\n",
      "   -1.30433718e+00 -1.39234382e+00 -1.09427371e+00]\n",
      "  [-8.21730110e-33 -1.28976378e+00  1.87133623e+00  1.07544021e+00\n",
      "    1.89247997e+00  2.02016996e+00  1.58769611e+00]\n",
      "  [-8.21730110e-33 -7.41216114e-01  1.07544021e+00  6.18047208e-01\n",
      "    1.08759191e+00  1.16097424e+00  9.12435256e-01]\n",
      "  [ 4.93038066e-32 -1.30433718e+00  1.89247997e+00  1.08759191e+00\n",
      "    1.91386691e+00  2.04299642e+00  1.60563594e+00]\n",
      "  [-8.21730110e-33 -1.39234382e+00  2.02016996e+00  1.16097424e+00\n",
      "    2.04299642e+00  2.18084311e+00  1.71397190e+00]\n",
      "  [-8.21730110e-33 -1.09427371e+00  1.58769611e+00  9.12435256e-01\n",
      "    1.60563594e+00  1.71397190e+00  1.34704931e+00]]\n",
      "\n",
      " [[ 1.00000000e-06  1.47911420e-31  1.45011187e-33  1.59512306e-31\n",
      "    2.17516780e-32  8.83208760e-32 -4.64035798e-32]\n",
      "  [ 1.47911420e-31  1.00000000e-06 -4.06031323e-32  4.87237588e-31\n",
      "    2.61020136e-32  2.01746814e-31 -1.56612082e-31]\n",
      "  [-4.35033560e-33 -4.06031323e-32  1.22212653e+00  9.14117045e-01\n",
      "    2.95982199e-01 -1.14533647e-01 -3.63131102e-02]\n",
      "  [ 1.59512306e-31  4.87237588e-31  9.14117045e-01  8.32203686e-01\n",
      "    2.18490252e-01 -1.18456691e-01 -2.79917337e-02]\n",
      "  [ 2.75521255e-32  3.77029086e-32  2.95982199e-01  2.18490252e-01\n",
      "    7.74374023e-01  3.64080220e-01  2.75599129e-01]\n",
      "  [ 9.12210997e-32  2.01746814e-31 -1.14533647e-01 -1.18456691e-01\n",
      "    3.64080220e-01  5.23030041e-01  2.65812941e-01]\n",
      "  [-3.19024611e-32 -1.33410292e-31 -3.63131102e-02 -2.79917337e-02\n",
      "    2.75599129e-01  2.65812941e-01  8.81674898e-01]]\n",
      "\n",
      " [[ 1.00000000e-06 -2.46519033e-32 -2.05432527e-32  0.00000000e+00\n",
      "    2.25975780e-32  0.00000000e+00 -2.05432527e-32]\n",
      "  [-2.46519033e-32  1.00000000e-06  4.10865055e-32  0.00000000e+00\n",
      "   -4.51951560e-32  0.00000000e+00  4.10865055e-32]\n",
      "  [-2.05432527e-32  4.10865055e-32  1.66737616e-01  3.16305943e-01\n",
      "   -1.86949903e-01  0.00000000e+00  2.33484723e-01]\n",
      "  [-4.10865055e-33  8.21730110e-33  3.16305943e-01  6.18047208e-01\n",
      "   -3.68699293e-01  0.00000000e+00  4.56217628e-01]\n",
      "  [ 2.05432527e-32 -4.10865055e-32 -1.86949903e-01 -3.68699293e-01\n",
      "    2.20577404e-01  0.00000000e+00 -2.72159452e-01]\n",
      "  [ 0.00000000e+00  0.00000000e+00  0.00000000e+00  0.00000000e+00\n",
      "    0.00000000e+00  1.00000000e-06  0.00000000e+00]\n",
      "  [-1.84889275e-32  3.69778549e-32  2.33484723e-01  4.56217628e-01\n",
      "   -2.72159452e-01  0.00000000e+00  3.36763076e-01]]\n",
      "\n",
      " [[ 1.00744220e+00  1.97833671e-32  1.67786696e-02  2.61725635e-01\n",
      "    1.02761119e-01  8.92129771e-02 -5.99495973e-33]\n",
      "  [ 1.85843752e-32  1.00000000e-06  1.04911795e-33 -5.27556456e-32\n",
      "    7.19395167e-33 -2.00456466e-33 -3.69778549e-32]\n",
      "  [ 1.67786696e-02  1.42380294e-33  6.20461280e-01  5.38743581e-01\n",
      "    1.32099879e-01 -4.50088176e-02 -5.09571577e-33]\n",
      "  [ 2.61725635e-01 -5.03576617e-32  5.38743581e-01  9.10185467e-01\n",
      "    1.87713599e-01 -2.16848981e-02  1.43879033e-31]\n",
      "  [ 1.02761119e-01  7.79344765e-33  1.32099879e-01  1.87713599e-01\n",
      "    2.85500026e-01  2.17023127e-01 -2.21813510e-32]\n",
      "  [ 8.92129771e-02 -2.00456466e-33 -4.50088176e-02 -2.16848981e-02\n",
      "    2.17023127e-01  4.63787773e-01 -1.25894154e-32]\n",
      "  [-2.39798389e-32 -3.69778549e-32 -6.89420369e-33  1.29491130e-31\n",
      "   -2.27808470e-32 -1.12405495e-32  1.00000000e-06]]\n",
      "\n",
      " [[ 1.00000000e-06  0.00000000e+00  0.00000000e+00  0.00000000e+00\n",
      "    0.00000000e+00  0.00000000e+00  0.00000000e+00]\n",
      "  [ 0.00000000e+00  1.93679826e-01 -3.53619030e-02  0.00000000e+00\n",
      "   -8.99611979e-02 -1.51680545e-01 -1.19209085e-01]\n",
      "  [ 0.00000000e+00 -3.53619030e-02  2.09163309e-01  0.00000000e+00\n",
      "    2.76906667e-02  2.76938519e-02  2.17652088e-02]\n",
      "  [ 0.00000000e+00  0.00000000e+00  0.00000000e+00  1.00000000e-06\n",
      "    0.00000000e+00  0.00000000e+00  0.00000000e+00]\n",
      "  [ 0.00000000e+00 -8.99611979e-02  2.76906667e-02  0.00000000e+00\n",
